5694495
5700196
5696361
5693111
5688757
5691783
5680244
5682332
5677336
5685475
5668261
5667868
5667398
5663910
5663899
5663714
5663513
5656685
5662886
5655329
5653863
5653790
5650667
5650666
5691767
5664130
5654948
5648782
5685503
5647869
5645911
5644175
5695151
5648317
5653236
5667593
5641333
5640517
5634322
5634510
5634483
5633187
5650471
5666781
5643146
5651734
5625837
5656413
5622579
5666750
5622606
5676223
5613628
5612182
5610437
5610250
5621911
5616010
5608236
5607500
5690544
5621703
5605526
5605515
5617224
5612250
5605616
5654795
5618753
5599228
5597330
5613632
5595973
5595969
5595954
5601987
5593859
5648675
5590128
5648526
5627052
5588809
5583187
5596354
5599268
5579185
5578669
5599232
5575869
5590021
5592015
5599247
5573735
5571584
5571223
5629816
5577482
5633388
5572981
5568747
5568302
5566374
5596442
5593461
5561558
5559767
5557533
5555718
5554786
5554153
5553892
5552860
5577918
5544684
5544202
5599185
5540481
5540409
5607808
5560100
5555408
5538716
5537283
5536302
5660634
5577990
5533540
5584994
5547759
5532293
5531490
5539395
5602068
5522723
5675708
5519667
5519552
5516361
5516022
5514263
5592929
5514144
5536891
5595427
5550275
5509544
5509087
5541311
5507878
5553702
5504078
5535952
5501109
5541561
5498047
5550280
5530703
5496347
5516567
5510991
5472182
5592689
5489174
5489153
5515578
5483600
5490053
5478733
5582795
5499942
5476626
5472875
5513697
5474062
5469476
5468389
5476659
5467398
5499945
5488662
5466371
5462949
5557038
5490774
5459843
5459822
5519357
5486008
5488363
5453571
5470715
5450921
5474811
5447128
5464769
5470175
5443843
5443838
5442229
5442662
5499139
5493594
5468465
5523874
5518878
5438373
5460080
5654534
5511696
5451823
5531833
5430609
5446867
5537319
5429034
5428424
5483026
5476302
5443964
5433808
5426184
5431647
5423635
5422467
5491052
5448201
5448186
5431527
5687557
5415575
5441755
5451164
5415353
5412577
5412563
5436269
5408429
5405414
5656568
5468133
5403833
5448704
5401882
5518875
5501310
5435961
5398535
5398257
5397851
5445184
5394683
5394117
5409180
5398884
5390669
5584867
5429800
5424270
5388780
5389412
5388470
5387213
5446786
5429674
5410844
5410775
5395132
5384095
5557214
5429617
5385128
5383941
5382173
5437222
5413902
5397728
5381001
5380955
5487588
5402410
5402409
5379922
5437765
5423365
5397102
5374146
5372788
5372324
5370098
5393232
5393200
5367710
5367045
5376668
5364179
5458339
5558849
5362226
5362185
5359912
5359318
5357965
5558601
5360787
5360453
5386588
5354416
5353682
5364052
5354474
5354330
5357031
5355895
5349680
5349613
5349596
5438658
5380088
5344921
5343659
5339512
5337514
5348537
5399550
5336283
5335693
5332426
5381570
5372549
5361581
5340969
5322884
5467014
5330803
5320941
5473640
5347544
5321766
5374019
5321724
5317003
5316933
5371971
5315407
5314318
5552278
5363357
5309851
5326710
5304228
5309898
5302830
5301004
5299427
5291729
5314427
5294709
5182410
5372003
5330884
5378117
5289563
5288786
5428366
5308899
5381652
5381602
5287449
5269728
5428335
5267475
5256141
5309292
5266477
5258773
5249073
5297831
5253664
5241665
5293045
5282447
5244298
5239821
5334531
5266847
5226829
5476943
5293490
5223123
5278478
5218474
5214672
5355904
5210266
5369239
5552072
5464465
5303005
5283085
5231906
5123641
5199103
5204172
5204453
5178185
5175141
5387132
5171715
5170595
5247308
5161326
5538794
5158200
5166796
5155268
5154139
5153645
5152892
5306461
5148169
5146971
5146956
5500200
5214336
5176112
5159191
5148229
5140270
5138221
5187697
5215466
5170604
5152562
5131402
5131280
5131003
5351934
5138072
5128807
5274527
5127642
5167187
5126857
5125676
5125653
5125596
5418835
5123056
5121888
5121609
5155324
5133129
5131731
5115807
5115664
5388352
5118547
5118542
5114761
5112587
5433929
5154250
5110974
5170554
5112921
5127684
5105290
5103162
5177532
5105198
5103461
5101480
5099903
5100337
5100264
5096718
5096306
5095885
5095670
5095125
5260891
5094011
5096413
5094582
5507199
5134355
5117231
5104419
5088189
5069102
5348112
5104883
5085036
5084360
5135307
5095921
5521729
5133782
5133064
5098841
5098840
5082638
5081466
5081207
5081090
5080760
5080575
5123820
5078492
5235324
5104188
5075935
5075531
5125311
5104580
5382990
5271150
5129902
5081467
5118134
5090096
5076796
5070202
5173283
5071848
5067533
5066272
5065964
5118149
5238943
5175372
5160039
5155541
5062157
5063092
5062938
5258688
5123863
5057408
5630135
5059746
5059674
5050424
5114404
5111637
5081659
5068357
5059459
5059438
5046144
5272901
5142441
5087838
5054728
5050443
5035628
5026206
5026203
5227140
5089864
5041540
5114401
5039903
5039642
5104206
5090658
5076887
5039029
5037323
5079752
5035142
5034256
5079435
5068967
5034548
5032029
5030712
5092049
5037739
5028738
5207034
5053906
5024162
5116876
5107343
5039248
5031660
5031557
5096832
5047184
5087736
5087724
5017542
5314421
5082842
5062957
5018252
5161591
5113314
5013489
5013271
5013180
5018682
5069129
5428740
5087674
5025775
5009148
5344959
5083058
5032913
5011076
5008803
5007492
5035141
5007047
5513659
5027420
5015978
5007100
5557009
4999454
5007753
4995625
5597695
5015983
5015981
4990545
5378317
5011480
4991082
4990303
4989352
5034304
5013772
4992060
4989536
4988782
4987438
4987053
4985623
5001837
5127727
5010457
5034040
4997277
4980104
4978714
5291197
4982926
4977562
5127151
5023507
4995287
4976396
4974849
4974748
4974255
5256119
4974004
4973071
4972820
5161740
5102304
5061923
4978183
4972469
4971509
4971026
5181570
4969741
5112127
5004910
4991575
4981737
4978151
4974651
4965859
5369357
4963399
4961777
5123437
4987814
5048376
4961465
4968428
5043029
4969036
4959814
5132409
4951672
4951664
4948883
5611842
4964518
4947283
4960999
4945637
5548626
5143193
4968785
4947894
4946057
4942817
4947394
4937031
5015388
5216914
4988338
4987397
4961147
4931508
4975549
4958323
4930577
4929402
4924931
5528162
5108335
5016146
5179945
4930107
4927188
4926242
4925697
4923902
4927209
4919619
4931006
5112133
5023415
4926782
4917224
4915679
4918105
4955052
4912114
4974371
4911909
5009203
4920240
4908426
4907726
4907693
4907422
4907080
4906994
4905644
5112143
4901054
4929943
4898879
5173122
5140277
4898203
5354534
5090016
5141352
4919580
4892620
4899423
5112118
4909334
4904163
4887901
4880145
4886964
5113981
4895045
5158183
4961212
4912422
4882810
4882044
4880915
4880642
5157927
4879203
4879198
4879193
5331896
4909397
4889422
5555363
4946941
4925239
4860447
4889540
4874022
4871984
4870758
4870739
4869263
4884591
4865321
4914454
4880717
4948711
4920181
4874711
4874709
4864311
4866323
4862687
4889372
4889371
4876002
4928914
4868103
4859571
5656295
4925197
4891303
4871617
4859451
4857381
4915589
4856272
4855978
4854971
4855444
4913851
4852096
4850032
4847629
4898813
4884202
4851625
4850166
4848316
4909256
4847921
4846651
4868419
4863234
4855830
4912907
4871731
4859873
4844098
4842779
4900927
4879961
4860033
4838935
4838836
4838830
4933669
4840478
4840471
4831534
5479307
4941940
4875859
4835446
4834582
4917341
4884080
4931426
4913700
4844563
4831707
4961759
4908029
4843651
4828721
4865367
4827864
4830396
4825938
4867910
4855661
5341518
4961743
4850505
4874058
4824376
4820717
4820447
5021143
4873400
4826435
4970949
4913475
4856766
4852495
4852494
4813427
4834051
4833509
4816530
4814875
4946604
4851274
4902571
4874844
4856997
5031517
4983863
4805604
4804009
4802639
5050284
4833267
4833243
4795779
4795653
4795627
4795612
4819508
4812194
4810871
4810862
4794527
5045844
4858774
4794085
4792433
4791759
4791602
4791137
4823176
4805542
4797157
4834562
4790429
4788844
4786810
4962695
4786312
4955967
4783494
4851175
4810495
4788753
4783096
4782158
4781845
4870883
4824027
4817229
4798964
4943173
4909306
4918423
4908027
4851180
4777719
5027135
4890669
4844028
4821800
4783578
5062590
5062589
4907860
4851892
4805057
4883099
4881772
4826979
4826776
4813318
4786437
4777275
4772128
4827625
4969264
4821796
4769581
4813666
4792665
4765118
4765045
4764664
4763219
4761878
4762491
4764606
4799966
4764510
4861441
4758697
4758057
4921226
4869490
4783934
4759656
4757100
4756099
4755957
4755610
4754774
4786431
4753414
4751973
4891071
4750968
4749998
4749991
4771370
4748410
4748083
4824169
4748124
4805309
4670931
4829535
4758921
4742908
4841470
4799882
4740739
4735812
4735401
4914479
4810759
4780554
4763730
4749832
4739943
4737522
4737519
4811714
4789097
4965339
4808626
4730764
4908638
4845250
4795032
4879068
4813570
4785957
4741188
4807295
4787904
4734149
4818600
4958042
4877135
4722987
4755815
4719705
4725479
4724629
4739260
4763139
4732287
4727519
4678117
4759216
4725905
4738689
4721102
4709415
4779297
4842342
4821026
4703900
4776711
4725499
4700275
4685581
4685579
4698820
5623592
5149414
5111794
5042317
4997952
4912017
4808651
4731204
4715222
4602411
4843991
4765321
4984414
4749567
4720304
4694695
4699412
4919242
4824024
4724547
4743797
4711854
4689004
4686838
4685653
4831468
4753269
4650134
4650133
4650130
4650121
4650120
4737313
4729558
4684327
4651898
4837038
4720259
4683977
4750502
4698804
4682232
4973599
4749568
4744191
4721961
5485664
4684387
4684380
4677322
4831467
4743685
4736836
4686123
4682489
4676782
4721962
4674712
4826574
4718210
4682788
4682037
4673757
4860096
4737651
4696902
4919384
4802797
4670201
4863456
4672311
4667277
4667187
4667085
4743552
4712823
4673675
4669854
4667486
4666132
4664892
4687580
4663191
4837949
4882275
4832345
4778606
4751886
4659825
4741229
4673495
4657025
4662238
4655245
4685808
4709261
4874918
4775236
4705372
4654396
4780372
4702843
4654223
4646965
4644984
4712787
5221501
4695383
5063185
4750421
4641735
4641368
4880021
4869830
4640237
4637424
4636318
4910640
4709015
4633616
4633518
4634787
4633242
4633179
4631833
4631454
4739772
4764046
4632860
4617963
4277506
4627472
4627469
4625158
4793110
4632850
4626282
4624897
4757429
4695238
4722500
4683246
4627357
4619619
4619617
4614985
4683680
4622932
4617951
4617706
4617701
4615632
4734654
4609937
4650407
4630996
4980084
4679557
4609148
4609137
5635591
4840844
4695852
4640480
4603936
4815238
4715527
4633712
5009993
4843941
4702778
4633825
4629324
4624754
4683645
4646813
4654058
4618092
4817923
4595828
4714550
4601047
5104522
4825678
4620906
4741680
4794094
4729112
4631758
4631663
4610211
4594504
4589654
4589651
4589530
4582067
4959273
4684448
4593674
4588607
5003781
4646032
4588095
4808503
4648295
4789177
4583372
4583268
4585839
4585826
5094459
4684546
4580454
4636938
4585327
4585134
4578775
4646373
4620855
4609185
4580334
4528824
4528823
4528822
4636934
4624997
4695326
4634377
4572939
4679733
4570685
4791208
4692962
4572358
4569341
4567350
4566094
4626763
4565700
4624508
4564264
4863462
4613271
4569695
4698080
4641566
4599031
4660252
4624502
4619121
4559856
4804805
4790845
4632047
4614428
4599352
4582172
4562061
4556057
4555475
4555020
4553903
4551050
4551049
4607134
4769998
4660253
4550925
4612567
4548307
4576980
4546582
4824586
4564378
4653822
4544742
4544185
4539915
4539015
4540256
4539993
4536872
4826138
4713319
4566075
4538705
4795812
4584505
4534296
4678965
4876908
4644458
4528509
4532641
4646079
4581614
4554923
4524982
4524682
4527279
4526742
4522089
4618669
4522243
4521796
4653055
4560643
4520661
4519248
4518215
4518048
4817926
4758204
4553224
4538681
4515637
4573318
4756725
4513288
4546540
4538656
4511969
4521999
4510345
4817879
4721937
4597143
4508517
4571949
4534224
4508322
4547097
4651776
4503542
4503353
4502564
4501000
4500960
4597790
4498439
5155618
4677119
4495722
4495247
4509579
4492954
4612346
4496899
4698247
4551600
4547539
4524118
4489589
4501886
4486767
4484969
4484218
4488382
4543649
4540611
4565954
4517110
4482733
4764398
4689642
4482254
4556846
4549161
4651818
4536423
4500285
4477067
4688250
4563692
4519436
4507195
4502669
4500223
4582024
4567692
5588519
4685028
4475312
4537642
4475023
4725120
4528139
4458674
4760629
4534089
4471098
4470249
4469895
4469743
4485594
4468581
4468351
4575541
4563688
4502815
4468217
4630852
4832352
4556350
4467020
4587642
4468423
4463945
4500362
4477197
4574259
4532603
4493518
4459993
4455814
4541358
4528322
4457421
4456047
4455991
4525326
4575531
4539573
4475236
4641784
4610820
4466473
4466403
4455045
4448706
4448705
4592351
4448043
4574232
4477966
4862023
4458154
4444340
4444252
4443022
4455314
4453986
4868400
4560590
4506188
4498092
4441320
4652037
4473753
4512628
4490122
4451614
4628862
4452429
4437230
4434892
4449900
4745360
4479019
4448664
4432659
4490716
4471829
4431840
4691326
4538965
4492402
4456452
4430241
4429559
4429158
4582796
4432583
4428443
5287413
4460444
4442004
4510010
4494696
4425681
4424858
4424844
4424835
4591100
4515165
4423780
4542458
4477013
4425847
4422588
4466337
4375361
4459733
5395664
4455741
4446735
4440259
4436575
4423356
4446517
4441608
4418228
4554260
4450993
4450840
5014385
4430375
5573170
4438306
4409040
4618781
4603834
4447122
4416657
4413995
4407218
4453065
4407252
4405813
4405636
4405539
4405340
4403552
4447603
4412814
4404257
4609214
4476444
4446177
4543296
4467879
4394704
4854280
4605431
4949521
4655604
4406032
4476441
4406824
4775736
4529752
4459390
4446206
4443446
4390247
4388929
4388926
4388912
4412781
4395790
4375879
4394589
4383606
4729094
4551214
4551212
4436854
4393760
4391883
4382728
4379728
4379727
4379419
4371169
4366800
4282977
4990983
4827153
4520235
4457198
4379943
4432293
4408927
4457466
4543405
4726662
4487613
4596090
4445134
4393597
4374934
4500129
4373846
4373759
4755347
4396488
4396467
4374123
4368201
4557399
4371809
4366085
4394889
4364711
4397176
4371948
4364641
4361598
4361483
4717370
4409243
4360165
4471145
4357013
4410187
4356160
4355205
4803116
4372616
4413028
5390081
4736781
4400339
4351474
4402270
4348419
4371918
4617761
4448233
4440145
5024055
4386969
4344332
5322554
4657349
4352272
4341237
4516391
4358661
4340947
4340921
4340873
4340626
4447225
4427870
4424957
4385464
4340083
4371951
4545451
4349776
4681293
4604113
4364459
4337357
4335018
4831704
4331623
4539301
4334147
4408257
4409029
4640245
4423708
4323538
4322607
4650824
4415023
4340758
4320831
5259736
4404894
4402139
4447573
4319785
4400341
4381220
4334710
4323684
4319160
4318426
4343171
4326362
4502919
4501492
4353653
4343116
4340826
4313794
4374484
4339262
4317242
4317241
4315918
4315917
4314777
4331296
4406288
4312083
4312416
4454085
4448788
4386000
4346858
4321264
5553047
4948675
4594506
4511931
4383867
4365491
4312473
4416581
4409478
4348505
4508244
4354549
4319437
4376633
4331693
4297982
4350181
4414735
4365035
4310824
4565157
4465525
4374980
4295100
4465821
4398528
4293409
4406211
4294290
4307325
4326583
4288730
4287014
4511295
4262183
4492925
5548001
5441838
5047484
4919817
4862196
4834925
4696870
4593475
4542051
4365475
4333540
4320957
4292079
4282045
4416582
4354867
4302832
4281148
4541489
4442585
4280880
4280113
4280105
4321309
4299243
4280089
4326843
4335240
4274520
4933203
4532524
4354458
4240992
4302439
4470196
4413660
4277210
4329466
4284776
4284631
4326798
4316665
4284576
4266641
4266045
4863076
4396958
4385736
4322438
4271737
4390078
4268905
4263094
4262426
4261103
4260491
4280620
4259306
4269820
4257550
4256991
4319016
4312720
4286461
4286288
4256280
4256170
4859340
4261149
4261146
4255022
4452453
4273337
4268706
4252057
5021010
4367231
4350368
4326838
4273384
4260930
4249487
4248288
4244596
4289182
4246677
4360857
4252998
4339401
4268811
4420261
4397564
4339315
4244043
4422365
4286516
4382269
4241504
4240022
4351380
4322386
4289444
4281731
4329433
4255452
4247651
4246466
4245774
4237498
4470568
4298317
4236167
4241171
4234672
4234671
4234468
4248368
4351378
4303996
4230983
4230938
4230888
4293636
4228138
4323879
4226724
4637166
4508017
4305043
4271233
4263435
4222331
4621007
4225138
4221115
4220021
4225157
4565556
4495465
4477279
4302892
4208712
4208711
4326575
4614993
4390799
4276860
4255361
4254547
4251488
4214747
4213014
4412757
4367200
4210606
4210194
4209819
4232701
4486735
4207101
4226117
4207317
4204992
4218959
4401583
4280659
4207353
4201475
4201106
4336805
4577571
4197434
4205791
4196951
4201733
4259819
5531606
4291175
4259541
4841303
4198942
4191169
4239602
4190653
4150311
4986549
4246067
4196021
4195889
4186886
4383737
4356887
4197574
4191269
4188862
4187696
4182804
4181333
4180477
4180472
4175974
4175495
4357806
4190348
4498666
4259528
4180260
4178296
4248018
4239595
4172668
4182423
4177667
4232224
4177573
4177561
4172803
4173643
4172298
4813760
4199285
4182773
4286722
4283407
4207370
4213365
4169476
4770879
4450254
4215210
4175612
4168971
4166314
4166116
4191802
4215803
4166526
4165369
4381923
4161488
4251966
4199108
4270733
4183338
4362857
4245820
4209149
4113109
4202329
4353498
4207991
4153568
4153300
4200281
4191011
4151104
4494836
4305435
4161214
4148253
4148189
4143779
4143106
4285181
4254064
4580213
4172540
4246972
4149383
4143372
4229565
4547049
4210177
4309907
4231727
4161675
4140813
4140697
4138345
4138333
4578869
4253074
4156770
4156726
4134225
4183818
4134104
4241499
4161000
4324401
4175317
4167927
4151724
4283151
4126041
4125165
4122963
4210130
4199690
4197864
4122017
4121530
4314511
4162662
4137346
4127786
4113902
4104039
4101662
4101655
4117490
5534173
4128046
4110675
4264356
4159004
4110020
4109919
4109901
4240209
4258108
4114904
4169166
4107787
4106252
4105543
4120653
4259846
4215772
4215543
4126867
4102424
4102416
4100816
4099964
4099538
4253675
4104059
4097946
4497562
4121794
4679831
4177366
4142087
4089924
4102112
4222364
4136595
4085702
4083563
4184214
4084641
4164567
4079317
4541079
4356355
4307663
4242917
4227064
4174622
4146392
4085979
4075357
3997598
3996456
4201350
4134977
4177283
4164697
4072515
4126888
4071039
4070989
4070973
4545533
4282707
4083861
4068138
4117813
4087080
4149224
4123133
4063668
4062899
4062399
4116592
4059167
4058693
4278379
4059079
4062345
4055413
4254760
4053421
4053359
4051972
4142104
4051768
4085277
4133289
4079206
4047080
4047050
4249724
4110270
4045911
4044258
4044247
4435592
4132168
4042683
4046227
4040495
4262788
4054257
4037340
4038462
4037705
4122747
4037210
4036131
4035530
4397110
4246046
4110305
4100253
4060726
4059887
4037936
4050118
4033306
4031475
4168826
4106340
4047904
3996607
4083763
4039540
4033074
4055225
4060676
4027810
4026541
4216200
4140305
4076442
4061492
4022727
4030156
4020862
4019803
4374984
4265792
4052817
4215903
4188442
4069259
4014572
4221820
4156154
4040994
4024977
4018564
4018553
4034218
4021273
4122592
4049891
4008597
4025569
4012478
4006722
4004972
3989789
3986839
4005753
4004820
4004807
4004542
4245076
4234515
4004442
4004426
4077534
4001786
4440552
4306349
4031294
4021642
4247277
4030515
4140938
3994150
4207525
4070435
3991641
4250093
4217162
4009245
3989250
4020099
3959221
4035925
4035914
4386898
4083191
4039336
3984040
4405532
4096908
4043110
4092855
3979674
4031526
4000811
4020983
4144413
4058366
4023884
4021355
3976400
3976263
4047144
3982106
3974769
4220713
4059906
3973546
4282935
4229074
4167798
4034177
4001542
3993185
3991973
3978322
3972170
3963023
4020065
4012857
4010260
4033671
4049579
3973190
3969374
4036372
4031623
3984786
3968129
3972482
3966869
3966841
3965779
4173073
3968928
4105357
4004217
4068343
3977269
3973216
3968931
4007427
4005707
4063923
3958441
3956865
4146235
3953811
3951365
3951364
4007478
3955415
4002104
3953069
3951393
3975461
3949318
5414923
3966327
3982732
3973964
3945901
5149403
4015684
3944008
3895989
4371531
3954493
4573559
4029133
3937779
3937085
4257568
3936262
4044340
3935485
3935083
3991978
3965571
3930870
3930517
3933823
4593566
3948228
3928427
3925846
3988230
3912834
3924037
3937046
3923807
4002101
4016418
3926012
3921110
3979360
3939882
3934189
3918591
4232096
3943671
4134473
4065219
3983641
3919671
3917887
3937059
3928641
3916360
3916252
3915146
3927394
3922110
3920195
3866440
4059230
4119866
3911062
3909359
3909326
4032612
3952927
3939940
3906139
3905152
4079041
3904216
4844311
3902216
4152457
4030767
4251088
4237506
3918143
3900505
3900394
3976903
3899219
3898519
3926146
3897682
3897441
4324130
4026187
3985427
3968853
3900313
4069282
3907859
3894797
3891973
3891961
3890344
4024355
3973289
3890488
4149907
3944926
3931418
4588713
3945303
3886904
3999222
3931022
3924266
3892680
3882658
4075962
3888495
3925314
3904630
5117193
4968566
4516163
4516159
4516156
4515355
4512752
4456017
4450355
4384177
4373595
4366141
4340696
4265795
4219416
4167788
4157365
4155743
4120657
4117190
4103620
4092042
4083741
4081447
4080891
4074479
4035099
3887458
3946666
3877318
3877267
3877098
3991817
4083739
3873303
3873242
4047138
4038658
3878960
3979449
3890892
3871609
4151318
3939051
3936205
3890597
3869645
3970903
3947199
3868615
3878334
3866595
4587794
3892287
3927955
3926741
3918430
3863949
4057987
3920664
3886195
3927986
3876711
3857278
3944962
3857830
3855766
3866996
3854942
3894852
3857586
3852023
3932565
4035102
3959821
3959818
3935276
3870669
4109181
3951856
3947367
3889569
3825425
3825421
3971393
3861544
3842264
3841449
3845022
3841302
3840465
3840435
4699304
3864341
3984932
4447240
3976683
3935183
3838409
4046741
3947161
3860355
3836031
4054601
4020789
3841078
3834057
4790426
4046745
3834887
3833184
3829927
3829889
3817940
3880610
3855889
4029201
3828458
3971483
3844241
4073787
3832659
4408763
4005292
3943518
3818557
3818550
3903354
3839749
3839707
3826523
4331115
4007712
3934573
3883247
3841575
3808579
3804754
3920933
3898671
3813941
3813493
3812510
3918913
3966616
3929091
4049897
3808393
3999311
3856605
3805139
4000693
3946898
3804485
3908930
3835550
3911773
3856752
4071771
3913041
3848712
3815458
3882710
3843063
3826648
3797066
3883129
3852691
3845674
4066589
3795302
3859712
3824679
3900108
3837132
3792956
3814599
3808638
4017628
3915823
3790850
3790330
3789783
4405536
4076147
3809796
3787768
3772778
3849642
3801073
3801024
3786989
3786888
3855476
3815713
4131546
3879442
3787207
3785414
3868405
3799310
3788156
3794506
3792348
3782428
3781318
3832197
3814200
3781061
4974078
3821386
4875432
3923918
3782367
4042485
3778014
3776063
3791757
3785883
3775801
3775733
3791719
3774611
3888827
3772068
3771917
3858392
3771030
3767799
3767779
3851285
3953994
3906047
3869359
3794785
3764402
3955215
3846555
3846499
3831368
3780863
3761559
4089729
3833262
3857391
3778439
3968428
3939760
3854728
3811574
3793847
3795289
3898689
3796000
3763463
3871865
3756748
3762564
3755341
3773785
3753344
4112736
3915081
3856241
3849206
3751927
3712437
3712434
3712431
4205569
3944362
3755717
3755713
3755712
3750742
3749160
3753542
3747164
3747135
3747127
4112275
3764851
3854761
3846914
3751104
3743458
3790004
3741320
3741144
3774518
3739746
3739725
3752269
3737460
3825781
3760627
3734133
3734035
5283693
4418793
4240531
3775069
3727309
3708373
3798724
3750474
3746867
3728986
3729239
3726758
3758452
3750612
3724885
3724804
3858400
3745968
3724958
3804158
3720567
3774230
3826328
3732926
3716412
3744125
3715546
3715431
3805701
3774132
3714250
3713718
3713435
3713398
3719446
3819454
3789534
3711207
3711203
3738993
3728101
3988315
3858459
3757101
3732137
4034584
3756587
3795974
3673155
4145957
3738983
3702584
3720213
3701117
3978690
3844102
3700774
3700388
3699560
3745339
3703296
3698168
3679380
3670672
3729586
3695992
3695938
3951965
3695758
3694914
3742185
3694018
3693954
4963006
4928704
3692454
5427945
3742419
3806269
3758227
3688626
3688534
3686764
3685835
3685832
3703999
3779079
3666387
3736146
3683040
3985436
3763150
3738941
3721394
3692405
3679003
3936680
3696811
3696754
3954809
3876800
3674991
3751803
3724618
3766184
3766183
3670934
3695000
4540234
3804076
3778878
3715327
3675998
3664998
3594345
3669430
3669535
3667242
3669539
3711326
3693894
3683722
4792810
4089810
3745602
4139915
3724453
3679898
3668685
3668684
4235334
3677467
3657625
3695490
3755038
4415682
3664084
3656039
4594856
4471140
4074210
3654927
3707652
3684858
3670399
3652833
3687135
3659078
3701956
3872493
3713181
3646771
4031317
3689985
3654858
3654844
3646047
3665733
3785642
4031653
4855023
3796036
3695707
3670751
3652789
3641132
5507203
3660236
3648899
3640035
3657813
3682570
4757734
3687134
3611593
3686572
3634849
3912860
3684860
3651389
3632777
3907158
3680055
3655122
3631197
4069600
3630094
3832777
3743026
3665744
3664188
3665630
3627650
3660048
4509594
3645733
3636138
3630817
3622882
3740543
3673632
3626940
3622058
4024093
3677296
3674387
3663552
3621895
3620844
3620505
3620488
3635718
4844536
3984240
3812915
3679457
3699063
3759535
3725626
3651456
4386868
3868444
3826973
3740467
3732335
3704447
3623198
3596995
3637872
3778674
3610872
3655532
3609808
3609769
3604765
3625310
3613909
3607074
3637871
3627611
3637500
3611935
3605445
3604625
5079684
3866503
3665747
3603965
4821500
3634701
3602760
3751206
3658155
3641633
3585665
3707632
3675662
3664108
3604173
3763889
3639006
3596384
3596335
3689192
3674964
3612655
3612648
3636863
3613823
3591845
4030747
3595120
3589725
3665645
3589431
3587595
3586699
3681425
3718338
3696936
3689190
3652095
3635464
3632888
3585402
3585243
3585171
3798832
3613853
3600642
3584123
4034697
3622171
3607048
3616935
3565517
3595336
3577753
3576715
3610991
3576534
3681928
3597186
3574148
3727441
3652215
3625017
3596815
3576051
3637589
3587230
3569441
3604056
3610043
3574309
3569737
3566060
3566029
3565703
3617276
3565994
3602228
3650337
3643812
3582345
3579752
3567700
3562314
3561791
3561783
3554191
3552503
3596911
3560348
3711385
3628032
3559598
3642288
3669659
3588003
3574927
3568033
3557268
3640772
3579003
3628016
3628009
3568351
3552960
3597791
3591626
3569634
3568385
3568372
3562457
3552261
3552253
3654066
3605833
3594517
3584193
3582860
4686220
3558298
3746810
3547053
3597209
3545928
3562787
3544770
3654045
3603407
3542465
3541186
3831157
3585063
3581426
3549087
3541946
4514030
4323152
4157753
4112963
3970400
3838435
3814397
3691985
3671912
3565921
3528309
3604141
3549756
3538043
3578048
3575402
3530609
3530472
3556981
3570280
3552082
3528684
3530147
3527293
3570696
3546623
3526580
4322417
3525534
3524798
3561558
3538230
3523547
3521689
3539193
3534141
3522658
3520998
3520899
3543183
3535342
3541268
3533307
3563090
3586563
3516543
3816954
3668652
3567352
3515568
3515558
3514319
3586958
3581260
3563624
3748133
3504437
3504435
3511585
3511553
3511281
3549281
3519378
3595028
3508993
3507948
3548491
3528589
3528576
3506613
3542601
3594574
3585874
3582337
3508473
3503812
3501483
3500375
3500320
3523422
3870473
3522777
3495601
4099056
3538916
3537051
3501282
3531745
3511131
3745578
3599646
3593118
3521295
3485705
3534980
3527648
3542865
3562415
3522277
3522265
3685320
3522264
3484459
4581596
3568450
3901131
3570627
3565082
3514295
3714606
3594095
3474714
3592731
3474590
3471240
3477671
3583008
3566347
3497230
3746031
3570806
3471205
3516729
3467289
3467275
3472929
3465324
3427551
3474844
3464245
3606011
3523118
3510839
3509745
3458682
3457117
3654072
3582364
3460925
3496027
3474539
3458869
3462595
3494761
3447806
3447775
3752084
3478508
3465016
3446876
3446872
3442401
3474927
3444210
3449122
3441538
3709882
3463429
3477674
3498541
4176881
5436192
3465396
3658004
3483194
3458357
3433956
3458167
3529127
3477695
3429919
3416638
3432120
3432094
3502269
3431405
3431400
4137143
3507191
3432472
3427349
3427154
3459134
3426565
3425490
3462693
3424119
3428553
3724345
3464559
3421449
3514659
3441145
3422431
3422104
3422103
3404804
3443127
3428101
3418235
3724237
3414486
3514645
3463315
3443283
3411837
3785364
3524398
3472111
3430379
3428073
3405271
3401892
3432144
3894804
3472519
3460482
3460450
3414077
3733422
3407064
3442529
3421222
3408583
3405995
3435432
3404096
3482393
3408641
3432719
3598120
3504181
3480997
4136474
3409559
3406595
3408755
3419447
3398033
3397962
3403811
3751580
3436164
3393713
3476391
3442549
3425237
3488156
3472113
3398145
3498572
3387779
3830169
3793860
3675070
3580313
3371743
3473259
3386266
3422080
3871175
3413895
3386883
3386868
3382163
3388434
3380377
3660862
3517346
3390184
3388353
3396462
3378014
3386353
3375480
3382292
3375280
3375259
3380917
3373542
3373398
3380642
3547263
3419450
3381355
3375142
3385966
3686480
5380439
5248478
3683827
3680124
3677786
3659711
3417086
3404258
3365051
4133786
3726038
3447736
3364249
3414799
3398183
3397850
3397836
3854240
3424386
3360684
3360601
3397894
3396891
3368705
3437234
3382380
3378086
3428503
3385788
3370059
3389308
3383066
3402631
3834913
3358571
3638865
3471532
3376241
3392151
3365136
3348903
3724338
3361434
3355942
3346726
3403918
3355540
3359415
3351417
3772523
3415639
3415634
3381145
3347795
3347238
3341386
3339824
3460732
3356608
3338683
3338627
3338588
3541539
3404787
3338443
3338414
3351414
3335143
3334499
3332237
3375926
3995570
3648343
3353326
3348262
3337456
3309881
3309880
3326521
3325485
3360088
3325202
3422436
3324491
3324465
3367115
3337720
3323634
3323614
3392472
3365688
3389224
3533238
3361486
3320640
3529099
3354761
3317642
4162396
3742329
3667501
3349827
3317143
3308324
3308321
3443797
3376296
3382290
3315460
3361613
3351350
3369007
3337962
3351334
3331935
3331914
3325842
3309970
3551478
3523197
3339914
3321840
3592340
3325672
3307776
3382293
3319434
3303830
3303820
3302808
3346084
3299738
3299663
3339904
3329775
3363335
3319459
3313595
3296735
3295764
3577091
3329406
3311371
3293830
3293708
3319494
3346263
3340195
3298422
4630213
3934420
3640500
3383572
3372823
3339899
3296962
3290784
3290636
3269019
3202066
3400723
3360101
3339939
4077139
3303834
5532058
3372225
3315353
3317434
3310530
3285202
3317423
3309734
3339990
3358782
3869965
3678972
3664437
3529958
3296223
3668307
3375769
3279408
3278422
3278411
3388123
3613139
3378898
3282995
4169122
3738208
3710121
3322995
3295323
3275620
3283205
3339262
3288565
3233715
3507281
3523316
3298569
3271025
4405110
3390800
3313495
3290438
3290431
3266776
4553618
4077136
3327607
3292381
3289367
3433705
3266925
3266886
3352121
3330731
3292377
3292372
3308753
3265508
3677203
3277562
4160518
3261860
3277525
3271183
3281545
3260207
3257030
3283466
3293557
3289158
3567450
3277178
3252315
3311610
3307317
3334421
3250494
4801040
4306442
4117078
3959790
3934191
3810964
3723137
3632502
3603137
3588855
3586218
3564215
3553588
3549666
3514414
3507339
3475158
3466483
3441143
3433654
3392039
3381108
3381098
3370389
3365920
3336209
3303697
3286360
3263381
3261733
3255938
3255696
3254209
3250249
3250101
3250099
3249615
3244493
3242165
3368091
3257552
3250376
3248788
3340559
3341127
3322886
4166436
3947618
3977433
3288746
3244453
3244417
3271040
3268512
3266495
3267782
4165888
3267860
3244489
3258365
3319499
3297673
3256583
3244490
3243947
4045631
3288688
3265434
3235162
3282061
3234246
3288948
3273163
3233603
3233589
3261222
4164695
3278565
5373852
4245071
3771581
3709180
3360586
3292780
3268355
3251049
3233072
3190030
3186081
3574762
3235532
3273380
3253254
3226688
3226668
3257572
3240957
3977345
3294038
3292652
3444242
3233386
3225893
3223224
3261702
4294548
3221663
3267873
3219918
3296468
3234208
3245852
3236072
3228285
3262072
3224843
3201660
4238286
3265846
3265845
3265843
3265841
3265840
3242847
3267581
3942498
3225502
3586554
3226386
3215849
3390202
3270891
3207176
4487638
3315628
3220361
3198919
3205053
3278469
3208160
3205765
3313055
3297396
3218432
3507166
3200322
3213168
3219751
3198765
3209432
3199206
3223661
3249032
3219130
3203788
3197025
3195719
5436183
3276287
3601743
3351560
3319411
3269463
3228603
3207252
3189962
3208777
3209431
3308852
3263772
3207852
3227406
3210426
3188561
3282372
3237860
3185252
3187712
3187706
3894993
3703834
3647249
3266078
3228915
3187357
3187228
3184158
3184085
3216587
3250303
3754824
3943164
3234785
3220564
3178608
3339761
3177076
3177065
3184054
3243491
3205991
3230930
3160095
3207726
3172292
3172247
3254795
3205228
3205198
3528363
3168525
3167789
3422619
3225647
4405537
3303132
3191888
3176126
3164471
3157681
3209828
3176005
3216563
3189157
3166049
3176016
3176010
3241883
5417182
3196356
3178027
3178018
5448674
3234518
3196091
3268021
3230729
3175985
3406932
3404607
3308017
3340881
3195589
3158035
3257054
3186360
3551581
3518856
3221782
3221742
3176018
3175175
3371366
3165937
3143564
3155188
4403668
3176013
3154955
3154916
3186411
3209525
3176649
3152566
5323254
3286537
3171612
3151259
3177654
3200463
3188990
3158677
3158567
3202869
3202792
3759011
3176103
3163568
3149492
3195616
3158551
3196764
3176046
3176041
3173788
3190866
4155501
3248740
3171183
3144936
3130365
3130364
3176065
3143123
3206177
3173208
3146028
3154125
3142683
3259961
3190905
3156793
3139632
3150726
3176051
3176050
3173082
3155967
3136482
3134799
3153911
3873161
3153567
3134478
3145699
3181170
3855543
3354629
3172160
3129554
3196835
3175935
3138052
3775282
3133841
3126808
3218838
3136293
3124502
3130725
3553595
3141435
3206183
5027886
3223675
3119665
3119535
3119063
3249170
3222080
3151072
3182040
3159699
3168985
3156818
3151069
3183349
3175956
3113908
3163779
3117217
3224198
4618378
4263955
3714856
3408315
3131735
3131732
3131731
3124626
3118088
3091496
3082452
3082451
3138296
3123540
3109053
3373266
3103553
3146252
3136209
3109041
3122925
3108150
3102070
3129552
5102844
3104785
3104757
3118678
3155299
3179567
3166873
3111269
3109025
3107294
3148328
3140821
3113923
3094341
3109019
3112538
3109015
3373001
3116502
3102417
3102375
3090418
3704337
3103743
3530425
3117347
3109010
3162997
3087716
3155186
3123624
3100933
3109008
3100952
3107425
3101844
3085871
3074444
3073471
3087449
3084746
3103866
3214862
3088563
3094209
3081336
3113783
3129568
3088623
3340703
3108162
3128647
3115773
3078704
3062418
3110002
3090773
3081252
4055883
3088640
3082132
3081228
3078820
3112556
3084114
3072989
3176510
3152346
3104124
3080176
3158816
3071716
3113629
3092831
3069017
3177635
3101666
3078887
3070214
3076852
3065489
4055879
3089567
3070490
3090522
3687787
3130851
3063143
3061863
3076009
3203999
3131697
3090711
3101681
3101664
3056772
3062621
3049014
3053324
3715716
3154022
3094174
3098706
3050883
3070171
3048875
4418525
4122316
3103854
3367439
3276384
3081590
3062599
3046960
3634367
3045455
3080610
3148823
3924837
3062689
3380451
3042603
3203675
3044285
3039656
3107581
3113563
3055937
3035708
3035703
3063100
3037398
3053103
3529199
3033866
5417262
3073448
3033393
3377059
3228347
3053302
3031554
3150193
3071927
3075295
3033050
3110038
3099583
3085076
3074638
4053956
3076293
3036647
3062665
3388980
3365794
3182551
3053286
3150197
3048918
3023760
4618376
3049361
3022534
3074335
3057128
3031267
3023143
3065360
3060508
3034603
3060595
3042793
3072795
3057282
3098370
3059067
3034793
3080111
3053305
3053274
4182948
4108082
3935721
3709251
3638959
3615646
3602996
3549548
3508458
3321385
3235646
3235328
3159961
2998162
3038255
3027123
3025827
3021885
3013069
2992745
3017948
4491433
3966225
3004937
3004865
3142356
3002997
4074279
4065168
3075382
3017390
3048683
3001483
3073728
3012466
3002969
3002967
3034861
2998442
3044201
3009823
3007156
2997790
2997786
3074159
3000240
4083853
3131806
2997345
4120883
3097519
3073605
3055778
3055761
3055752
3017557
3017388
3010974
3004756
2993738
2993260
2975712
3072438
3002323
2994726
3001726
2993953
2993945
3073571
3042673
2993934
3091775
2991335
4546834
3003071
2994854
3432265
3074303
3016909
3000275
3011044
2992036
3073527
3026603
3025287
2952038
2996375
2975078
3111089
4495581
4005718
3261049
3124651
3061521
3061519
3061517
3003330
2993422
2993343
2988875
2965296
2964517
2963815
2954361
3174240
2968714
3144654
2982893
2966437
2966421
2988715
2996689
3760430
2984196
3029675
3076203
2993882
3003385
3208311
3390162
3376642
3011229
2965571
3168766
2975674
2964639
2954141
3058723
2964907
3021640
2957304
4374737
3920455
3381091
3066610
2939198
2956701
2955102
3010270
2958917
2954501
2946946
2944835
2989890
2972691
3101587
2951438
3013443
2993759
2975855
2954850
3423338
2945476
2945357
3097465
2933350
2933346
5155449
3100592
3061158
2935352
4564299
3282052
3038626
3938892
2957325
3066407
2941751
2941180
2941179
2940313
2938920
2929718
2952704
2976051
2976437
2936619
2939154
2928793
2928741
2928277
3154727
2936308
2932661
2969183
2929430
2927381
2932565
3115666
3381842
2894950
2919411
2962682
3108603
3310157
3243666
3243665
2974049
2931537
2930557
3628621
3003257
2903812
2945921
2927502
2913150
2992722
2951221
2925529
2918549
2975136
2922549
3515641
2974959
2905641
3005209
2928706
2905303
3649881
2929674
2904318
2889600
2928130
2920134
2904367
2997579
2946192
2937977
2926816
2942993
2995811
2896775
2945004
3552484
2935036
2933403
2923386
2895505
2893332
2882137
2923804
2907328
2905702
2915903
2901185
2933653
3247753
2901460
2946492
4232234
2918390
2909921
2919127
2886347
2871888
3349968
2996390
3065825
2914127
2908193
2893056
2923233
2895124
2890574
2890080
3247725
2929297
2919645
2880002
3035489
3014615
2891453
2886740
2882531
2879915
2879912
3652412
2923064
2887078
2878367
2886060
2883257
2868086
2890485
2869373
2997545
2871037
2876127
2875410
4414925
3900572
2939192
2907352
2880307
2868029
2907107
2897463
2866542
2950209
2885996
2937571
2906875
2946427
2882063
4774529
3265789
3224975
2902265
2868495
2868493
2868480
2864311
2863965
2888819
2884537
2874815
5292325
2914811
2876153
2862240
2888448
2860490
2860489
2876129
2903652
2933791
2859054
3848883
2908490
2880287
2962609
2916957
3274258
2889565
2873413
2881815
2871012
2936158
2883338
3922669
2933412
2896730
2880230
2868411
2868406
2868403
2868397
2864127
2845431
2842151
2830016
2881799
2858456
2847828
3087554
3143418
2906769
3769946
2852004
2864232
2903629
2869143
2841623
4160532
3014850
2871501
2857822
2851746
2845058
2841179
2853880
2845916
3656417
2851865
2855400
3678383
3740181
2880087
2841917
2907663
4227407
2863193
2854281
2927985
2843520
2841010
2831062
2830484
3113600
2996586
2920802
2868427
2868416
2868234
2828910
2817143
2817140
4228956
2842041
4503465
2823792
3102265
2849294
2825554
2822553
2927132
2827615
2892632
2820519
3032332
2856924
2872876
2818192
2854206
2933397
2864810
2836838
2828899
2840532
2839261
3604715
3586794
2868463
2868451
2868448
2868441
2839896
2827633
2803227
2847375
2838705
2855539
2846163
2824328
2875871
3655719
2854106
2820504
2909469
2814554
2808350
2884967
2868291
2860618
2842699
2972307
2812845
2933813
2838311
2939492
2830336
2824663
2798859
3049940
5534335
5428143
4607022
4120770
3697084
3608407
3561676
3549437
3464500
3234160
3161508
3161506
3125676
2980537
2955894
2930353
2921874
2913512
2831986
2805722
2802679
2789784
2831871
2818770
2830831
3055252
2790343
2789319
2807862
2792721
3815943
2812597
2834289
2790605
2822010
2805427
2790561
3071606
2793901
2871828
2832916
2780714
3267196
2831109
2780911
2824334
2795536
3655805
3525206
3464916
3026852
2965029
2848671
2825052
2814587
2801873
2790465
2789017
2784734
2785722
2823551
2785473
2824452
3224689
2839281
2813975
2795404
2791574
2816828
2815208
2786888
2775954
2846296
2804350
2779069
2783026
2807966
2817842
2778735
2775825
2788486
3296562
2804348
3785132
2801300
2772120
2804369
2780790
3172238
3192483
2783296
2776419
2773741
2790531
2765920
2765723
2965532
2842652
2789299
2774026
2770046
2885920
2758705
2788434
2805374
2781865
2781864
2781863
2781862
2781861
2781860
2781859
2781858
2781857
2781856
2781855
2781854
2757917
2839810
2792150
2836898
2791207
2758286
2785176
2764931
3347527
2896974
2893738
2845463
2801357
2877551
2847396
2802713
2761876
2781681
2765098
2884392
2754321
2787859
2781682
2765160
2749843
2751799
2778372
2746266
2796332
2782927
2738427
2743804
2786979
2817247
2802120
2783245
2840056
2804428
2881540
2775248
2775246
2772090
2736010
2733920
2841279
3224687
2804971
2798994
2742664
2745768
2757802
2895420
2771737
2730750
2730357
2725299
2857956
4319375
2751734
2728564
2874966
2736443
2736407
2766293
2873006
2720534
2731006
2739604
2723067
2800101
2748320
2732921
2817978
5161804
2767173
2751955
2717693
4820353
2728731
2913289
2733357
2712075
2737592
2723086
2758282
2747374
3747554
2751885
2760400
2708975
2746771
2711356
2835259
2785657
2702752
2715541
2788661
2743900
2700256
2946851
2848072
2715141
2698682
2785077
2783268
3669685
2762116
2696081
2962903
2763493
2694594
2691600
2718930
2755897
2744153
2753473
2730942
2923382
2819050
2702799
2697457
5659855
2694974
2940935
2701675
2782731
2755524
2746861
2709155
2700988
2688840
2755871
2740621
2719703
2700943
2700072
2771341
2730380
2821785
2814870
2711601
2833098
2777535
2953615
3967846
2685247
2690026
2690025
3550383
2781934
2775205
2683866
2675056
2756743
2742679
2688991
2696034
2694796
2706306
4103948
3193984
3190967
2882184
2790154
2747494
2676201
2675964
2674835
2830644
2817399
2792892
2766699
2764364
3969859
3655711
2875874
2669177
5262197
2668756
2798570
2735860
2713570
2777724
2734067
4373609
2720439
2667774
2782402
2689435
2848067
2665073
4109162
2768495
3696194
2683830
2670432
2683051
2891304
2787833
2756297
2728083
2714919
2699828
2694103
2685761
2674685
2660415
2749664
2714013
2782900
2802502
2661004
2685756
2884175
2744960
2655650
2699153
3371273
2658055
2717299
3592972
2835133
2785712
2728019
2706832
2755191
2683703
2691387
2679528
2677103
2701268
3658139
3576143
2920192
2920189
2771364
2661800
2653273
2649412
2718058
4516484
2745650
2742955
2746242
2827254
2717234
2637981
3021947
2668018
2633617
2763577
2676102
2993697
2716671
2680234
2648679
2629545
2787478
2705779
2630779
2629813
2674028
2701228
2632714
2802504
2632734
2710421
2823086
2674962
2653539
2651185
2626564
2622716
2794694
3339762
2713676
4754789
4472309
4075773
3925639
3718050
3594791
3594788
3448389
3272389
3033430
2859702
2801150
2780369
2764118
2757134
2744558
2612075
2610288
2610292
2605994
2602600
2667620
3934550
2634932
2646809
2603186
2592693
2727603
2630459
2810408
3339764
3388947
2656412
3715305
2596746
2668256
2648989
2640204
3768016
2919814
2699806
2646441
2620702
2612702
4241852
2592529
2592527
2645919
3700404
2694133
2596218
2802516
2655134
2593608
2902906
2581545
2579577
2727394
4231183
2732406
2615537
2677658
2659499
3593640
2922958
2590870
2596140
2575789
2575381
2693920
2691675
2590943
2579940
2573089
2654753
3665518
2626153
2579382
2686492
2665173
2643057
2582616
2579430
2571102
2567003
2854669
2715140
2576165
2559900
2855678
2572922
2553198
2938038
2804945
2721556
2581811
2579964
2563118
3298862
2553842
2631615
2577328
2776405
2676566
3541029
2596869
2559816
2564943
2998294
2567501
4412477
2566311
3127245
2638579
4030402
2527136
2567170
2567143
2562427
2544598
2529016
2528996
2528982
2519834
3720143
3652314
2919240
2879613
2582340
2518524
2529055
2613798
4122835
2500172
2615069
2692084
2610856
2821024
2572693
2529041
2668812
2488374
2586672
2613002
2588488
2692564
2577597
2495065
2493454
2444002
3391501
2890289
2715364
2614008
2483688
2483685
2635338
2646881
2527612
2480482
2923442
2802513
2553121
2443670
2443657
2530870
2593125
2491644
2478647
2474474
2443819
2756101
5015590
2615067
3971766
3095437
2952449
2568879
2505342
2493399
2431111
2652417
2750042
2449331
2449352
2435162
2670430
2538423
5054098
2438413
2435047
2396502
2426720
2731624
2692223
2658633
2391292
2391289
3981829
2735465
2637114
2483371
2424196
2413152
2606738
2564992
2478740
4209286
2584603
2446679
2430543
2802414
2474769
3033219
2615473
2430952
2396682
2391084
2579790
2493479
2734129
2570253
3110063
2803040
3325486
2733815
3614086
2615670
3577347
3044924
3044242
2999001
2856445
2665164
2442577
2396169
2689705
2829748
2375357
2871301
2692303
2323304
2383278
2774794
2483252
2324120
2289876
2602665
2917900
2441898
2430089
2562706
2396416
2605794
2529176
2810831
2270911
2270905
3179264
2413147
2367121
2291422
2276418
4405535
2276383
2459333
2486256
2756726
2532702
2290790
2442580
2430993
2423378
2574750
2265532
2726772
2393805
2662474
2268848
3988902
2561275
2747313
2435080
4505835
2711689
2661628
2443865
2278071
2268962
2750778
2253496
2268846
2279125
2265178
2670247
2641010
2579899
2431169
3711086
2220035
3150596
2275784
2538846
3584714
2792233
2774723
2581885
2410300
2253796
2245826
2362383
2329912
2270838
2195453
2268052
2660138
2246102
4127875
2614231
2266719
2271043
2249578
2265069
2174970
2258281
2788309
2254616
2224233
4366138
3653419
2793173
2789457
2788493
2727655
2717607
2643299
2610308
2424285
2292833
2721972
2254409
2234263
2151090
2244598
2241891
2185538
2154424
2268047
2736594
2246188
2154435
3143066
2697168
2661240
2263142
2248236
2128618
2234261
2082413
2222615
2702163
2212663
2692827
2140116
2080912
2947831
2254590
2703458
3144860
3670588
2759141
2214732
2277329
2556213
2377016
3388035
3660017
2194722
2020435
2680226
2225425
2072815
2262953
2040452
2013938
2276311
2222620
2034255
3074939
2789279
2190013
2169187
2267686
2117022
2121645
1995455
1994277
5543873
2435297
1964805
1986623
2271117
2151927
2423345
3227130
1976238
3202491
2656813
2488205
2013679
1951776
1950857
2034391
2673730
2045569
3857750
1994688
1948951
2606754
2361098
2430867
2374993
2000878
2718834
1983368
1941821
2276662
2932699
1971269
1916400
2062520
1937549
2583023
2767338
2742426
2779144
2277207
2779147
2685177
2385786
1924559
1913549
1939704
2713430
1933412
2408857
2154371
2154367
2266892
2776539
1941727
2034437
1929070
1904172
3380420
2905593
2774459
2774458
2774461
2711686
1964886
2394760
2189838
1913510
3021943
2704518
2570206
2043357
1877085
1904246
2001262
1950922
1950918
2270932
3985124
1885257
2868357
2655354
2049007
1888707
2747659
2270924
1876440
1932933
2668215
1890551
1885592
1866355
2693072
2128741
1895931
2765472
1876224
3822824
2933836
1876585
1952537
1878485
2064138
1866351
1855394
1963460
1949490
1854893
3634622
2568885
1920545
1808431
2288638
1852738
1828142
1838496
3572210
1839098
2377325
2258155
2014719
1838616
2885913
2753261
2642915
1950159
1939936
1847376
2633482
2565688
1931410
1892214
2373386
1865656
1855678
1796605
2610405
4472003
2775427
1892948
2376765
1785123
2043484
1794400
1780067
1794380
2877390
2754307
1931494
2709826
2323554
2189731
1979095
4196875
3918877
3901534
2897061
2823590
2572076
2517308
2442882
4087537
2885910
1858671
2684689
1762345
1820979
2569854
2898515
1750929
1682012
5066392
2920493
2041937
1809918
2075409
1800705
1697826
2002476
1815484
1664589
2836018
1904505
1868397
1778459
1626645
1626637
1853368
2877124
1626108
2048586
1859927
1885545
1829207
1633734
1621055
4124513
1592340
1794571
1839945
2169201
1609119
2824340
2408731
2100364
1847479
1764978
1602071
1779924
1584324
1679887
1885203
2025682
1636701
1578683
3873093
1783617
1761699
1593158
1563582
3989879
1761948
1569177
2623246
1568922
1950334
1761696
1539153
1564002
1592580
1514791
2885916
1592579
1544081
1555595
4106413
1544339
2933834
2265101
1502426
1502475
1502474
1819465
1472694
2265096
1489112
1618956
1945099
1518632
1474149
1472905
3231557
1473992
2739654
2590781
2435203
2064863
1950294
2852461
1592550
2063789
1458858
1459045
1560103
2430671
2151510
2151508
1606550
1413497
1634925
1447603
1435744
2923805
1450208
3826883
1382020
1383502
1413904
1402333
2712835
1413794
2562282
2823586
1860161
1392912
1360533
3414428
2750957
1796802
2977922
2933831
2793175
2440687
2423807
1934413
1560097
1456141
1360252
2810422
1326217
3026440
2810103
2486339
1317490
1289428
1297556
1287954
2180162
2879142
1934410
2570788
2266610
1603772
1578685
1373677
1310641
1274279
1560015
3647373
2582157
1282587
1772865
1764457
1456771
1351328
1265905
1240041
2895308
2810101
2804901
1253590
1201382
1197805
2532597
1513187
1194921
2748856
1189327
1192796
1188272
1186732
1183536
2885887
1449770
1182218
1226209
1249479
1559864
1175822
1559852
1180800
1177370
2862911
2735866
1772733
1736108
1570190
1172045
4316668
1153713
1182371
1180826
1150862
4505833
2234084
1138968
1237128
2752952
1132010
1142614
2679700
1808204
2171926
1449739
1449733
1087714
1175950
1100770
2247473
1087828
1082906
1070383
1061648
1083422
2665286
1064852
4732711
1283069
2234018
1088937
1064022
552909
1634962
1735993
548520
2149905
2413168
2885903
1351245
1975396
1397706
539315
544346
535407
1810103
1448748
2942070
534519
528974
525680
1351296
4118285
522608
1351288
1352161
520810
516263
518851
518850
518844
518808
2789256
1351248
1360213
515093
511041
2937570
2660604
1471022
1351297
1360210
1182016
449868
1065281
437971
478590
1693384
463327
439783
454162
2929919
428481
423252
1299069
2234497
1470875
416492
406461
404106
1304093
1304083
379296
374258
1665047
1224004
2937568
2376768
1950336
362109
373475
375529
381016
1360214
1602254
314465
2937833
2585065
2286516
1988846
1351286
1351249
1271654
2194140
1735337
290265
2819302
283543
1223736
1693265
263870
1904498
5576138
1735576
171393
187757
1462668
1462664
1462660
181576
169910
169056
1735523
166225
162152
2991160
4611376
164494
156242
1435694
1302856
154475
2342951
153653
153031
152297
1315905
151579
151333
151665
153457
1975817
1462461
1361689
142860
149353
2583076
2565426
2262842
1913286
1909756
1462434
1359002
1359000
151188
1462353
138620
137738
133447
129688
129687
1867306
1222874
2851622
1995662
186651
136354
124981
117794
1462194
1462191
1462166
166510
124397
124360
2447278
2233870
135044
123074
1084103
2373548
1435697
122930
122948
122834
103662
2173265
136009
122544
125887
125353
122375
4746730
1850637
117584
4732730
2565399
1963488
1363676
1363672
1358968
99129
117558
145547
100021
419985
1088556
1088554
1088550
2685543
59999
1088543
1088535
1723738
1461839
58798
58794
58695
1350924
1850459
1724134
1226059
1226054
56935
56922
56927
55558
1461741
87254
58608
58598
2751017
37527
1698954
2278688
1594988
1480839
87143
2150720
1361690
1226045
1301470
33394
33131
2278562
1364467
95123
1221652
30170
1221609
1221591
29295
14720
2585107
1359027
312600
2150681
18981
3451695
1461361
1301185
1301161
17675
2270155
310944
113126
2185580
110781
17314
1461278
17227
2150714
1435698
1461254
111376
14969
2270041
1723576
1300975
2180217
313981
85970
16633
16551
1221089
1572113
85795
2833090
1220995
18268
1220981
1461045
16294
111052
98984
26529
1850030
1300699
26677
1460920
1410813
1298234
91785
85097
1460878
1460871
1300565
24135
2230543
2757409
18421
1460773
2144393
1220464
104309
103747
2144417
1460679
1300393
144291
2269441
22183
1920747
1220295
1171414
98974
93835
26872
26837
2269283
2144322
1300239
33565
21828
21814
21774
2269257
16384
1171258
93679
22360
26714
26713
15500
1220019
1171180
2144268
1460509
15211
15206
15175
15163
2194317
1302510
144088
28016
1219923
2143883
2148134
2143870
1377541
1377535
109236
23631
110167
25554
21743
2149337
1853023
34869
27948
27944
25541
21440
1975815
1467842
109029
2133053
21190
21180
20954
22754
2144037
27591
1689062
1219464
1170572
25315
25312
19699
19653
1376966
144004
19206
1219171
18214
24937
24934
1565019
25707
23721
2139788
23563
232445
23407
23405
1688576
508336
23288
1722319
191975
2141644
23167
3449164
1722276
1180995
1170083
146842
1688548
1170005
21259
21043
3764491
24614
24613
1564678
20792
1169764
33656
1688238
19830
1169643
1298373
178729
452529
1218001
178558
19513
452444
24087
2121070
1207601
452332
276020
38033
37981
56636
38084
161315
178298
38652
178278
178250
178239
38801
38932
178154
507368
1217377
39316
39315
39310
1225211
3425639
1207118
450076
2143362
2199859
1216980
1206979
1051841
177733
40096
449949
40204
3171971
40424
230927
161053
40759
2199980
505299
394537
1051682
505271
177287
394434
41557
41580
1206634
1206546
42093
42205
42134
176815
42361
42391
176715
295543
176672
42724
2120328
1206320
505013
160762
2142757
1016688
197230
197063
395429
1225530
1206159
1206154
2142942
308327
301125
395282
1918356
395264
44152
1138245
44018
44005
2216889
1138123
2120064
504786
358700
43716
43715
535520
2216858
43419
1887088
293998
205251
535518
2142797
521436
358494
358490
358434
358419
504661
206949
206926
1682301
1205720
1134918
47594
1225872
364694
2119623
1225849
1134495
413614
288248
2119665
504584
504578
504576
413564
204909
158919
1886968
1682214
1205520
1175472
360006
46885
46856
46748
1134214
1886916
46427
46344
240341
240273
203947
45989
45909
45834
2119546
45756
413199
45655
45595
50668
2289740
1016211
50202
1682812
1188440
1175675
1133159
360384
50041
334208
360279
1886598
1205101
504318
2290056
402112
206272
49273
49094
2289435
1204948
1260482
1130983
48800
312078
1204875
48415
2289314
2289304
2142188
556420
1686466
52896
1204636
1003020
52606
52580
52562
208146
52109
328465
2289036
360031
1204403
2288876
2118809
207727
1149916
1886180
2565094
2216466
1298619
359668
207055
332751
2116398
210857
55202
4471995
1204218
55079
55076
361181
54869
2116214
1280942
249568
213402
213350
54247
360697
296653
249435
209131
159908
208866
53832
360865
360811
53399
53398
1298597
360721
363749
298581
298573
2115853
2115841
298428
210506
1203805
251034
372740
210327
297697
210199
297628
2189348
250736
2115569
2115505
2115504
209873
303742
2115410
331613
1879546
1203607
282477
282324
282229
211537
211536
1203488
281975
338488
2115225
2115216
1291709
281780
211350
211306
338301
2115162
281746
280383
280318
211182
2115032
1050454
363317
454362
454340
334609
363131
363078
340914
210673
299653
553804
553779
368056
299447
368044
368013
2114809
1148271
367968
1203169
298947
298909
298804
305093
2114505
2114504
1147945
365272
373095
211943
340553
553415
553413
365150
2117042
553386
304138
1056243
367239
367213
2228850
386995
213506
311712
311650
1166979
1166978
2188082
339676
214511
322911
390905
214260
219177
554260
340972
320407
320221
2113407
320094
391589
318678
384037
393786
2112420
1312450
2112015
2111824
348404
383666
2215017
1042592
2108699
2107669
224324
