5677336
5668261
5663899
5650667
5650666
5647869
5648317
5667593
5634322
5650471
5666781
5676223
5621911
5621703
5605526
5618753
5599228
5613632
5593859
5583187
5572981
5596442
5555718
5553892
5544202
5607808
5555408
5577990
5532293
5539395
5602068
5501109
5541561
5530703
5496347
5478733
5476626
5474040
5499945
5459822
5470715
5450921
5453665
5443843
5468465
5511696
5451823
5443964
5433808
5431647
5687557
5432035
5415575
5441755
5415353
5403833
5401882
5584867
5389412
5388470
5429617
5385128
5437222
5402410
5374146
5393200
5376668
5359912
5349596
5335693
5333441
5552278
5299427
5291729
5182410
5330884
5378117
5267475
5266477
5244711
5293045
5244298
5476943
5303005
5204172
5154139
5148169
5500200
5215466
5152562
5131402
5125676
5155324
5133129
5115807
5118547
5118542
5112587
5154250
5096306
5095885
5095125
5094011
5069102
5133782
5133064
5081090
5080575
5235324
5104188
5090096
5173283
5071848
5062157
5258688
5081659
5068357
5087838
5039903
5104206
5068967
5034548
5116876
5047184
5314421
5082842
5013489
5025775
5009148
5035141
5007100
4999454
4995625
5597695
4990545
5013772
4997277
5031080
4977562
4973071
5075502
5181570
5004910
4961465
5132409
5143193
4987397
4975549
4930577
4919619
5112133
4915679
4908426
4907080
5112143
5173122
4898203
4904163
5158183
4961212
4882044
5555363
4946941
4880717
4920181
4874711
4925197
4856272
4847629
4848316
4909256
4912907
5296409
4838836
4840471
4913700
4850505
4820717
4833509
4816530
4803724
4833267
4833251
4819508
4794527
5045844
4858774
4823176
4870883
4798964
4909306
5062590
4793282
4827625
4821796
4813666
4765045
4763219
4755957
4749991
4771370
4748410
4748124
4841470
4740739
4914479
4810759
4739943
4879068
4818600
4725905
4685579
4743797
4687940
4684624
4651898
4837038
4750502
4677322
4736836
4721962
4687523
4718210
4682037
4672311
4667277
4712823
4657025
4654396
4654223
4712787
4910640
4633179
4277506
4632850
4626282
4624897
4757429
4722500
4683246
4619619
4622932
4617706
4617701
4615632
4650407
4608122
4595828
4595237
4594504
4589651
4589530
4684448
5003781
4646032
4808503
4648295
4789177
4585134
4646373
4624997
4698080
4641566
4624502
4556057
4555020
4553903
4551049
4546582
4539993
4795812
4524682
4758204
4756725
4546540
4651776
4503542
4495247
4496899
4489589
4484218
4482733
4556846
4688250
4567692
4760629
4469895
4468351
4502815
4532603
4541358
4456047
4525326
4475236
4641784
4466473
4466393
4473753
4628862
4452429
4745360
4432659
4431840
4430241
5395664
4446735
4441608
5573170
4413995
4407218
4453065
4405539
4655604
4775736
4443446
4390247
4383606
4729094
4379727
4990983
4543405
4500129
4371809
4717370
4356160
4351474
4352584
4358661
4427870
4334147
4323538
4322607
4339262
4454085
5553047
4312473
4416581
4409478
4319437
4414735
4365035
4335603
4398528
4326583
4834925
4542051
4320957
4302832
4281148
4321309
4335240
4532524
4277210
4326798
4863076
4390078
4268905
4263094
4256280
4256170
4261149
4261146
4254831
5021010
4326838
4273384
4397564
4244043
4286516
4246466
4237498
4298317
4226724
4263435
4221115
4246344
4390799
4276860
4210194
4232701
4401583
4285540
4280659
4207353
4201106
4201733
4190653
4195889
4187696
4175495
4498666
4248018
4813760
4199285
4182773
4213365
4175612
4381923
4151104
4285181
4547049
4578869
4156726
4314511
4104039
4101662
4110020
4114904
4215772
4083563
4146392
4085979
3997598
4134977
4149224
4062399
4059167
4053421
4051972
4142104
4249724
4110270
4054257
4037705
4246046
4060726
4037936
4050118
4031475
4039540
4033074
4055225
4027810
4216200
4156154
4034218
4006722
3989789
4234515
4020099
4035925
3988388
4031526
4144413
4058366
4220713
3963023
4260670
4105357
3977269
3968931
4007427
5414923
3982732
3954493
3934734
4257568
3935485
3930870
4002101
3926012
3866440
4059230
3906057
4844311
4237506
3900394
3931418
4588713
3924266
4516156
3887458
4083739
4047138
3979449
3890892
3936205
3892287
4057987
3927986
3932565
3935276
3951856
3845022
4447240
3976683
4046741
3860355
3833184
3964967
3839749
3841575
3808579
3898671
3861619
3856605
3946898
3804485
3848712
3883129
3837132
3792956
3814599
3915823
3790853
4076147
3801024
3855476
3785414
3792348
3781318
3821386
3778014
3772068
3953994
3846499
3778439
3773547
3871865
3757906
3915081
3849206
3712437
3944362
3755712
3753542
3854761
3743458
3760627
3750474
3750612
3744125
3714250
3738993
3728101
3858459
3673155
4145957
3738983
3844102
3670672
4963006
3703999
3666387
3736146
3738941
3813598
3751803
3669539
3711326
3693894
3690144
3702409
3659078
3701956
3654844
3785642
3648899
3611593
3684860
3648358
4069600
3673632
3620844
3984240
3868444
3740467
3732335
3778674
3625347
3613909
3607074
3604625
3603965
3585665
3675662
3589725
3587595
3689190
3632888
3585243
3585171
3576534
3598674
3579003
3568351
3597791
3552253
4686220
3562787
3831157
3585063
3541946
4157753
3814397
3578048
3570280
3552082
3546623
3497070
4322417
3522658
3514319
3748133
3504437
3595028
3542601
3522777
3562415
3522265
3514295
3477671
3566347
3497230
3570806
3471205
3516729
3606011
3465016
3465014
3449122
3433956
3502269
3426565
3462693
3724345
3414486
3531886
3463315
3460482
3460450
3432719
3480997
3409559
3398033
3391805
3871175
3413895
3380377
3517346
3388353
3404258
4133786
3364249
3398183
3360601
3397894
3382380
3428503
3358571
3724338
3403918
3355540
3772523
3347238
3541539
3338414
3334499
3337720
3392472
3389224
3533238
4162396
3308321
3325842
3319434
3302808
3299663
3339904
3313595
3293830
3319494
3346263
3640500
3202066
3360101
3869965
3668307
3233715
3507281
3271025
3433705
3277178
3311610
3307317
3564215
3514414
3381108
3355970
3275648
3250249
3249615
3242165
3518042
3288746
3268512
3266495
3358033
3297673
5373852
3190030
3186081
3273380
3219918
3265846
3265843
3265841
3242847
3586554
3270891
3315628
3198919
3208160
3200322
3213168
3209432
3249032
5436183
3209431
3647249
3266078
3187228
3339761
3160095
3184186
3189157
3166049
3176010
5448674
3175993
3406932
4403668
3200463
3202869
3202792
3759011
3190866
3206177
3173208
3190905
3156793
3139632
3354629
3138052
3141435
3119535
3151072
3168985
3156818
4263955
3408315
3123540
3146252
3109038
3104757
3118678
3179567
3094341
3109015
3109010
3162997
3073471
3062418
3110002
3081252
3078820
3152346
3104124
3158816
3092831
3078887
3089567
3070490
3226706
3114187
3687787
3061863
3062621
3053324
3050792
3070171
3276384
3045455
3924837
3529199
3073448
3365794
3042793
4182948
4108082
3235646
3159961
3038255
3966225
4074279
3075382
3009823
3007156
3074159
2997345
4120883
3055761
2975712
3072438
3073571
3042673
2994854
3061519
2993422
2963815
2966421
2993882
3021640
4374737
3920455
3381091
2955102
3010270
2958917
2946946
3423338
2952704
2936619
2928741
2936308
2932565
3115666
2930557
2903812
2925529
2918549
3515641
2889600
2946192
2896775
2937397
2923386
2952855
2871888
2895124
3247725
3035489
2882531
2879915
2868086
2876127
2907352
2897463
2937571
3265789
2862240
2859054
3274258
3087554
2864232
2903629
3014850
2830484
2828910
2891588
2822553
2827615
2820519
3203404
2843995
3604715
2868441
2803227
2847375
2854106
2987335
2868291
3561676
2980537
2789784
2831871
2818770
3815943
2822010
3071606
2832916
3267196
2831109
2784734
2795404
2804350
2783026
2807966
2801300
2804369
2783296
2774026
2781864
2781855
2801357
2877551
2787859
2746266
2802120
2736010
2745768
2730750
4319375
2739604
2732921
5161804
4101808
2907084
2733357
3747554
2746771
2711356
2785657
2783268
2696081
2962903
2755897
2701675
2782731
2755871
2719703
2821785
2724270
2833098
2740442
2685247
2690025
2689175
2756743
2675964
2764364
2777724
2782402
2665073
3696194
2670432
2728083
2685761
2685756
2699153
3371273
2746242
2717234
2680234
2705779
2630779
3594791
3594788
3448389
2744558
2646809
3388947
2696261
2667680
2620702
2612702
2645919
2596218
2655134
2593608
2573089
2665173
2643057
2571102
2721556
2579964
2676566
2998294
3711124
2646881
2527612
2481352
2443657
2478647
2718657
2493399
2431111
2658633
2483371
2413152
2851626
2606773
2532838
2803040
2615670
2999001
2375357
2383278
2483252
2441898
2562706
4405535
2276383
2459333
2486256
2442580
4505835
2278071
2268962
2641010
2924286
2275784
2410300
2253796
2367195
2270838
2271043
3653419
2788493
2721972
2254409
2151090
2736594
2128618
2222615
2212663
2651572
2947831
2214732
2020435
2040452
2789279
5543873
2435297
2606754
2718834
2742426
1924559
1913549
2568998
2266892
2776539
2774458
2189838
1913510
2001262
1888707
2747659
1866355
2693072
2765472
2064138
1866351
1855394
1838496
2377325
2848121
1865656
4472003
1892948
3918877
2442882
2885910
2898515
2920493
2041937
2075409
2782530
1868397
2877124
1626108
4124513
1592340
1779924
1584324
2528006
1618862
1569177
1950334
1539153
4106413
1502474
1819465
1518632
2739654
2852461
1459045
1560103
2151510
1413904
1934413
1360252
1317490
1287954
2570788
1310641
1265905
1271390
3525126
1513187
1186732
1177370
1132010
2679700
2171926
1082906
2665286
4732711
1351245
1448748
525680
521674
1360213
2865831
1182016
449868
437971
454162
1224004
1950336
362109
375529
1360214
1988846
1351286
1351249
290265
1223736
263870
1735576
1435694
2342951
1691291
142860
2583076
2565426
1909756
1462434
129688
1302269
2851622
1363677
136354
124981
1462194
1462191
2233870
135044
139360
2173265
1470660
2565399
1363672
145547
100021
419985
1409735
1723738
58695
1301638
58608
2278688
1361690
1221652
312600
1301185
17314
1461278
1300975
1221089
85795
98984
1300698
1298234
85097
2144393
103747
17877
1300393
2269441
1220295
1300239
1300143
1220019
24891
1377535
27948
1975815
109029
25312
2139788
1712615
1722319
191975
1180995
1170005
21259
1169764
19830
1169643
178558
452444
1914839
1207601
1915519
161315
178298
178045
39316
3425639
40094
3171971
394537
176672
1206320
1225530
44379
2216858
293998
1682301
47743
47585
1225872
1682328
360006
45989
1682812
360384
49273
2289435
1130983
312190
312078
2289314
1260206
1003038
1260048
51388
2118809
1886180
2216466
207055
1204218
2116214
1280942
249568
213350
209131
360865
360811
298270
372740
250736
2115504
303742
2228916
2115062
279706
363078
368056
2228870
2114809
1148271
1147945
365272
373095
553386
367213
1147185
2215799
255357
393786
2112015
553186
2228556
1282342
2215017
1311413
510180
1209403
